13389786514 
12326941638 
12799753518 
11788764366 
11867574944 
11669448630 
12040080622 
12818011142 
12343560850 
12709025348 
12093945246 
13289541588 
13140490754 
12920234534 
12349000646 
11927082356 
11668490288 
11971106268 
11796789422 
12118109248 
11976670226 
11614375852 
11791716510 
12163781150 
13045478828 
12618553742 
11995415220 
12068944026 
12123996354 
11936945288 
11715061936 
13368394812 
12322262306 
12231496672 
11524403290 
11884646310 
11684487594 
11739337582 
12040476720 
11821695940 
11687580168 
11709065692 
12005177756 
11893506340 
11772681100 
12086468364 
11748434070 
11783449086 
11615317186 
11717862242 
11681729174 
11641621354 
11709062674 
11591530648 
11616163460 
11742602316 
11640108930 
12096828936 
11422322960 
11735400086 
11763258562 
11542074294 
11873556512 
11715169274 
11322901188 
12123268220 
11795514034 
11474050318 
11375133968 
11768990290 
11406329244 
11476042134 
12058597824 
11475748708 
11654983814 
11952302056 
11650523382 
11794265170 
11470520240 
11881486608 
11559218722 
11964860936 
11405995584 
11619711404 
12551288074 
12474841464 
12584332010 
11962393948 
11460145736 
11984405978 
12172508744 
12256760392 
12194553706 
12231115798 
12731152190 
12004751214 
11820878622 
12561955890 
12488494074 
12504349786 
