216697711806 
210771768242 
223648996764 
217701874496 
214295573042 
215367516274 
221559802082 
217291888048 
223240364266 
224488869890 
218684666982 
214817576260 
212670578200 
213157089340 
216017388396 
214083818844 
216677741294 
217357809044 
214069958708 
219635141678 
221527367300 
215820036374 
213855756482 
218962062980 
219917717404 
214064994028 
215997965200 
220006194794 
220458432096 
216539386054 
215991063466 
215757819594 
211528598680 
215688374842 
220160330660 
219087064014 
215367982380 
222021768500 
217678887358 
217025668590 
219973226320 
217062149836 
212324639876 
217287758636 
214647550042 
211937725346 
218870357580 
216990814008 
212203734866 
218480754240 
220159806804 
214779732016 
223578854274 
212780312958 
212389893814 
219477777974 
213439238132 
215319645886 
214427664980 
216274434828 
219722730042 
214808708246 
215947713132 
216022258396 
213237030008 
219486489148 
224264289054 
217961125720 
216215505030 
222301774004 
216884060398 
214128200862 
220312863088 
220065280146 
218077251242 
221279780726 
217690106202 
216117439880 
215057483924 
218577602546 
213857582166 
216166844868 
214521364604 
218065851788 
216235601820 
215554234170 
216333651192 
213852883594 
220163322778 
210579283676 
222230533420 
215688430796 
221011602046 
214530690222 
212099310246 
215740996216 
215850692778 
220374424414 
218561528684 
209008773916 
