645069210 
605081712 
609455050 
610912000 
600179862 
618606182 
612513450 
598689412 
607428062 
605955610 
603667964 
611612636 
630142230 
649153254 
612800754 
599328098 
600465306 
617769114 
606478354 
674808838 
639020988 
610703464 
622612504 
604379716 
603357748 
618725706 
649489428 
599338440 
626562628 
604338190 
607289518 
656379770 
605379184 
613168724 
606431036 
621263016 
601879780 
606269346 
602422382 
629080954 
605683644 
597048342 
612427844 
623505084 
626985126 
610138230 
616583258 
613958810 
623654890 
644216320 
638165016 
613616666 
609038938 
612120396 
616460438 
601064004 
606448808 
637981038 
610416384 
614036228 
624991410 
601165062 
614146346 
596013268 
598907574 
648078926 
609096458 
610232280 
598314040 
600650870 
613518962 
597748902 
610173682 
602604018 
605013222 
608458780 
610732022 
604424842 
614714482 
599936180 
618231076 
606124624 
607445348 
607493526 
625487794 
617535462 
626876202 
603372160 
612158398 
601604934 
619240644 
611614872 
616338438 
633063680 
621181948 
602911576 
644402050 
612187970 
600706492 
619924582 
