214590928518 
213445040224 
214990318202 
211566280096 
220628676940 
211388836498 
208845902180 
214381575936 
209867713852 
207159895582 
215760655908 
215467444542 
212670654882 
211389494168 
210439597042 
209642310696 
211853447086 
218421672432 
205464313368 
210070941732 
212356996030 
215301424374 
212241664954 
214928901638 
213337520894 
210092269790 
211575937920 
214580634480 
209973064086 
212458562630 
217725997936 
213874167908 
214640844704 
211926016956 
213763623020 
209119569840 
216768516026 
211876022288 
211942229110 
214678486920 
209421050524 
213633480964 
211776077996 
213663060594 
212662366388 
210739066886 
213273273368 
211492036838 
212544504702 
222181559150 
209354889496 
212970925010 
213158829958 
217918274972 
217480746034 
216255460156 
216596556734 
211700451824 
211562323408 
211769714052 
207357801898 
214536011428 
223322453136 
212256660558 
213614537772 
212330605082 
210583732398 
212061669078 
217611404758 
213019555790 
212726661936 
217126368184 
211823602956 
209054578478 
208697810838 
212916512032 
214591110194 
213635949238 
214872408888 
211384615334 
207101279502 
211098092078 
211476450930 
212975528260 
215224504208 
215467357580 
210893509854 
214376515138 
212720011724 
216314852274 
213480373602 
214792068746 
209811746550 
211811922964 
214432836008 
219224811668 
210598643996 
208348763732 
211625711372 
213399396332 
