393886304 
394469916 
402585164 
389437390 
400269904 
390324190 
476517388 
380222660 
386936696 
383915304 
388426062 
413541656 
396873328 
392132580 
403978046 
386452208 
387686160 
435247006 
385222128 
396581396 
390656866 
384668960 
379242344 
388088248 
396825256 
390749228 
388553224 
387365542 
392410830 
377902630 
385916202 
400519174 
384895942 
391927648 
388515566 
382922624 
389393114 
391661778 
394781686 
389497496 
390392598 
398567972 
397239684 
384040092 
380922788 
385362782 
386798218 
427462454 
375829758 
384135470 
383399904 
399326532 
386927674 
389277514 
384618404 
398617430 
385059830 
381284094 
382015026 
384896378 
385438964 
385965738 
388290706 
387937670 
394251372 
400452796 
388095112 
398987490 
385324526 
388023152 
401869252 
387990232 
389020160 
387755846 
384477454 
388831788 
400243518 
385897800 
378713906 
397195214 
389691764 
386714760 
415480500 
396214394 
391515606 
400811528 
388745606 
395232648 
384587880 
384934750 
387878586 
417377638 
389626128 
398649496 
400896800 
388477400 
389778614 
388196740 
386473720 
393977074 
