12392368658 
12435297282 
12462661334 
12552807618 
12492222870 
13025455262 
12781940174 
12577179352 
12620495018 
12681620834 
12448336058 
12278781678 
12414601900 
12505154396 
12639351288 
13094292056 
12564820036 
12508295570 
12548925424 
12098484930 
12543367790 
12375640952 
12498210672 
12319142426 
12278412508 
12593576436 
12190548730 
12443834930 
12038068406 
12283150068 
12016007658 
12208606454 
12355332976 
12608090076 
12352304548 
12522745346 
12410581994 
12563909424 
12472415318 
12898174972 
13435449376 
14355116380 
13194573358 
12947472912 
13184295112 
13597083104 
13214365222 
14248924838 
12938680162 
12050807568 
12205447020 
12124014988 
12505854450 
12611746234 
12166842946 
12412639966 
12195628466 
12327888408 
12536812280 
12515908674 
12468253334 
12115758526 
12859850216 
12239062446 
13061792328 
12322975680 
12683887980 
12235772094 
12080370832 
13006277780 
12324235444 
12463605670 
12173699584 
12350167668 
12254174366 
12304441230 
12469219632 
12855880738 
12422837782 
12371804224 
12792734404 
12789446880 
12468231196 
12571835286 
12676047592 
12620044742 
12571947856 
12419942686 
13172200918 
13732293252 
12907770610 
13564190906 
14418866764 
13321450896 
12960803532 
13754715490 
13867472952 
13481332942 
12843385702 
13825424846 
