102017901716 
99217355844 
104185607284 
101047465656 
98918020324 
102195913460 
101361052922 
99959402786 
102319066948 
102224099446 
100469467686 
103926247178 
102046593310 
100770482586 
100360364312 
103373743402 
103043940728 
106019840828 
105883518382 
104129245376 
100493827986 
103110661276 
107848665500 
100859573030 
100230546596 
104963696944 
100365553908 
102097717022 
101323125638 
103219160362 
105205475222 
100181651624 
103228979868 
100261130536 
102325454614 
103254310194 
102816476496 
102279438166 
104613005142 
100269205050 
103836104110 
102923342938 
100701729148 
103947475948 
99556656998 
102543823340 
102325267890 
99353248544 
102518310968 
102024253136 
100381242798 
100534432550 
101026835086 
101527772830 
99375082486 
103448406148 
101898045586 
101319224312 
102399282506 
100986020326 
102076275368 
100662112826 
103065184062 
102655079340 
100432137936 
104536274444 
101110219134 
105205476856 
102212017842 
101010279748 
99794938136 
100595890212 
100926242406 
103497628916 
100937116886 
102672736784 
101416306672 
103685547878 
102868419626 
100272373674 
100732373370 
102185581042 
100042322856 
102081712372 
101733159648 
101694825236 
102889506774 
100825624780 
102055915116 
106004338030 
101730038968 
101905061756 
99855681546 
102684186218 
102526870224 
103934343080 
101113683316 
102286688750 
103361083374 
102626752560 
