75220001866 
73056778184 
73931299494 
74328468342 
70936641476 
75386852742 
72973054368 
75541146116 
69225367252 
72313130884 
73610543600 
73319627778 
69896665542 
75241742016 
73121018274 
71145118376 
70051791548 
75167613296 
74060084660 
73178134470 
74436711466 
75195049734 
72141196758 
73192422248 
74522849098 
73420191628 
75240199104 
74551248328 
72996662672 
72317716938 
70049713464 
72217480226 
70790423386 
72860511288 
72645340188 
70315018808 
74086191918 
74091207260 
73795698880 
72644220110 
69534719854 
71127922014 
74550339876 
73233530468 
5490561410842 
74629143076 
70719370948 
70349947840 
75175888724 
74289133466 
74847695674 
74811391318 
70025026828 
75197191070 
72908443810 
74328908826 
73666217610 
73972591896 
71629957188 
70376690110 
73953824502 
72722790858 
69773448080 
74664277176 
69913472722 
74519836830 
70614118802 
74347427236 
71466477812 
77089944502 
75253285154 
73536832232 
72118494098 
72991144582 
75055014468 
72137047972 
71014641438 
69917002786 
72264102128 
72828095346 
70400950108 
73172983488 
74524263146 
6680436059398 
73341568886 
72297512950 
73529856748 
74098092274 
75241182016 
70357078718 
70823565836 
77374058300 
72629055996 
75623162870 
74552632182 
71067937592 
75286869972 
75025721262 
70690405292 
73526311088 
