150365172730 
149344013992 
171635331372 
151160404320 
160614966388 
156751080690 
147616689592 
154087354832 
157418700982 
149926258908 
156975004670 
147463372380 
157584241808 
147487687422 
151243865424 
156667350646 
161634822690 
158373970614 
157719657976 
159176911432 
166899657530 
148653961236 
153333829278 
154007861446 
151525463798 
160405771250 
153015374744 
149230631114 
153410004044 
158742185184 
156111720004 
149997595026 
156997813326 
154071016336 
150064016698 
155854877576 
155372969832 
148220264980 
156926026686 
163355759572 
514602157270 
153432776692 
149317648856 
157790485228 
156330628604 
161483352858 
155150155424 
161105203608 
158837634436 
158821028756 
149021408318 
153385587930 
146644003596 
149605658610 
151206922540 
150372768216 
157206313082 
162023310844 
155757534642 
156077831710 
156925053480 
149716207566 
150923175376 
160143852824 
159428586276 
147808127080 
157450605476 
151425377616 
151615288866 
162306597636 
153968270984 
158785322098 
148267397046 
156143347942 
158594445594 
149501654188 
153839906574 
149950655146 
463318103182 
156196218888 
160061087732 
153836576798 
149799272210 
160690989504 
152692171664 
157900269296 
146754108580 
154370213876 
148604173188 
157334124216 
153583462636 
151691074574 
153633422202 
157172826466 
150435775800 
163813455848 
153062152898 
4356115059296 
148530218030 
157095937092 
