20269963040 
21917342166 
21743519930 
21361422262 
20876841764 
21305666216 
21231749198 
20794227422 
21848233028 
22161807250 
21087727784 
22241056822 
21124387720 
21400195248 
21169138802 
21787927000 
21145046898 
20728631214 
20048121370 
20194754962 
21819165954 
21987975834 
21041354762 
21279159830 
20812547244 
20716488914 
20815192810 
20850929688 
22219361530 
21108894858 
21008006428 
22031206048 
21195051900 
21085557668 
21174881696 
21235469634 
21170900886 
21457237938 
20626563398 
20534691696 
20802990798 
20844843014 
21963087618 
20312571914 
20345581232 
22111812566 
22161620776 
22706456490 
20661484000 
19422716228 
22525287748 
21649215216 
21327329810 
20589558962 
20816094642 
20455000260 
20526647408 
20656611708 
20869256608 
21130359150 
21128196380 
20553536776 
19853512404 
20866985754 
21131048292 
21061526420 
21080447068 
20931050814 
20347617102 
22140994348 
20677042094 
20643198848 
20775418886 
21185054250 
20489612526 
20746252092 
21019446540 
21658189256 
21255156846 
20788131704 
22859415958 
20504988708 
20412988244 
21168925828 
21412404788 
20877658120 
20688202838 
21113931900 
21015552624 
20595618060 
20996077144 
20200153848 
21964246284 
20049341474 
20221664678 
21004885748 
20913221994 
20663865482 
20776921048 
21171637546 
