152486680544 
161998397934 
147910446970 
153050016188 
148355794868 
155466098352 
159356296014 
152013873050 
153483977000 
146607089518 
149698745814 
146756133314 
148639937022 
154683821434 
146844277076 
148108980694 
147019522628 
159414230918 
164126539578 
156399380994 
156677460654 
148728668338 
154894969966 
156674745638 
152495010752 
150179794368 
149327849156 
148306168266 
155285119664 
157009550522 
149745499230 
147544177204 
152468641288 
156670167068 
156697834646 
157074293572 
150195199230 
148086461176 
147357158500 
146758155282 
147196081302 
159126778530 
153882628910 
155649774144 
147780204894 
153463358474 
150018731004 
154463376206 
153041369586 
157297194534 
157868266234 
155590271438 
155010196044 
154062249148 
154168419352 
151464987474 
145505008654 
154678562910 
148978987522 
153381766708 
155884654858 
155996778956 
156500634914 
155822051252 
150982702006 
160619866882 
269424731474 
153216000858 
155186404444 
145434894418 
154493036952 
153074635004 
147255457936 
162253941628 
161526980916 
175038761186 
153641540896 
152851464944 
156329417106 
149352415460 
156868937952 
154951060266 
160538902122 
148699824742 
157757750142 
148081358434 
148086552128 
152216972890 
155871497278 
162041679742 
145511950496 
155011306170 
151528375744 
148336076528 
151171457088 
2706609791746 
155871464188 
156738492694 
161742158322 
156269168416 
