267694408 
276420452 
281549706 
282909094 
280773550 
282187376 
268002764 
285581702 
263664238 
286113324 
275653654 
290305870 
271476894 
271514376 
282786142 
266577510 
269135068 
284270910 
265886420 
284310032 
271503950 
267755960 
278186782 
265884964 
286232832 
279366546 
265010004 
269114436 
278771818 
271483752 
288897438 
286307416 
270257388 
284888400 
279408798 
267110172 
278174458 
277010758 
265790842 
283623676 
284052810 
268939904 
269687452 
279942076 
275921604 
271316346 
284588622 
264412220 
288136158 
267437248 
271475824 
286280552 
273157904 
268978198 
287980766 
285008122 
281016776 
287626336 
269994554 
265839820 
293242954 
268280898 
294115698 
268699508 
280347390 
281814816 
286710666 
267241082 
282256334 
268054078 
282707882 
263605354 
277725434 
276435640 
284194574 
280051972 
278034024 
270782522 
277838540 
269507598 
282613378 
283900632 
285524098 
263053834 
265116534 
278440174 
273829518 
267548156 
274194356 
286509672 
267290794 
273929378 
287376292 
262839998 
275729506 
284653602 
276736442 
281769800 
278703962 
268427422 
