21329383572 
20780655500 
20621376664 
20948037552 
20503064326 
21191401302 
21541822368 
21370116832 
21936730112 
22526339734 
20681827602 
21609080596 
21580945722 
22348546884 
21241311854 
20957427846 
20584653790 
20707443414 
20861892220 
21436711314 
22336538562 
22367156486 
21848379828 
21923540274 
21769109960 
22219746604 
22376349082 
22541333212 
22516330960 
22440750062 
22708620858 
23025381688 
23302744810 
22179168926 
24298210586 
22543869570 
22521075334 
23882804334 
22700874596 
20281017260 
21091564176 
21547251602 
20490524626 
20973829970 
21321534146 
20940963104 
22295627006 
21997729930 
22243570456 
21234502750 
22489386050 
22217199388 
21322317874 
21570256716 
20539029036 
20648180544 
20970872710 
21707121358 
21691335988 
21696843818 
20847900996 
21186520544 
22175728624 
22451450418 
21783639042 
22442414322 
23481125954 
23403868892 
21231923200 
21694378958 
22015151214 
20979761084 
20758574490 
21352944100 
21016763628 
20871030262 
21109305550 
21755564196 
21069222898 
20844300938 
21239539468 
21475053290 
21127942476 
21605664696 
22581761278 
20618806576 
21197226690 
20747187212 
21417746148 
21670969006 
22355911840 
20910953174 
23724005816 
22651570698 
21035613510 
20674009646 
22453617952 
21296650270 
20377635546 
20413485428 
