442034982 
417399468 
446892434 
448871304 
436556086 
451806034 
426721056 
411762310 
445312582 
423716268 
424845416 
444047282 
438764458 
452126510 
448274930 
450478334 
416320070 
426725868 
444143924 
438875736 
434498926 
418165230 
447047190 
436443290 
422315156 
446161174 
437727128 
413837936 
423790098 
415923286 
431942810 
415077392 
464409408 
433179420 
437588430 
445069080 
448820418 
441038780 
427155856 
414335510 
437823952 
434153036 
438993278 
427898624 
421579002 
415607330 
454803448 
432084756 
422364136 
452801620 
435395584 
437601544 
430415254 
420928620 
425721134 
429747764 
448694154 
432504752 
435038732 
460793362 
450827422 
429871052 
445655348 
427807302 
426853570 
451164458 
437012646 
435572106 
419990300 
434169924 
414237740 
415427042 
452233998 
433467166 
437962620 
449801672 
440453696 
437110474 
443687766 
415524394 
442898420 
416227644 
454493378 
431448302 
420161060 
445799930 
427542126 
437037090 
433228940 
439689676 
456625656 
444626192 
445644968 
433099134 
429835092 
421137398 
432995300 
423673356 
448203382 
428818566 
