15731333527 
16433008015 
16969214084 
15646043857 
15607499012 
15494485387 
16904421261 
15589272457 
16790611656 
16550868768 
15113637984 
16536758483 
16528825604 
16500162735 
15699161671 
15488311339 
16838506338 
15074789240 
15175772286 
15096361955 
15367250101 
15043997567 
16487585807 
16489702901 
16688005778 
15141953320 
16406606374 
16552914592 
15198593473 
15272666895 
16663133917 
16779579992 
15155370230 
15122442720 
15369212772 
16809141692 
14837136129 
15270387661 
15531558959 
15140428292 
16498154225 
16629995952 
15256082209 
15021498898 
15467890245 
15352025875 
15480002262 
15275878576 
15405252835 
15388825120 
15519403431 
15143392229 
15243320526 
15166771452 
15283947700 
15189105040 
15399194058 
16341999383 
15619813741 
14833098675 
15479560429 
15933932136 
16784146228 
15604831868 
15476011163 
15477808286 
14931243520 
15106288082 
15140065888 
15281751667 
14952895370 
16632598097 
16903104606 
16670824958 
16510366691 
15113212296 
15002629463 
15317826619 
14833564004 
14933733454 
14990836340 
15478899590 
16584934426 
15577366291 
16959333601 
16091549162 
15232448087 
15280504691 
14790604014 
16562119585 
16233582964 
15343972210 
16628059668 
16330516013 
15396862687 
15241806646 
15675392310 
14691362060 
15447967924 
16734852326 
