501692233 
500351985 
516393507 
505869973 
506194157 
523035628 
518336725 
689724417 
679019117 
687930037 
713543390 
691274090 
686744310 
672827967 
678856045 
688136302 
672334856 
684905046 
669622583 
685002703 
513308271 
510856017 
506654830 
503639763 
510720017 
519175874 
508665325 
684314743 
499671179 
504486287 
676710360 
635797638 
678211107 
518199769 
509384743 
503627218 
513309766 
507481901 
503832382 
678730213 
680255020 
516256380 
679509117 
505241597 
500747684 
526616083 
522773944 
670621031 
688766663 
691798537 
678317094 
681551633 
674182719 
678628881 
671509157 
677351818 
693445721 
678189229 
508128138 
509905319 
678066361 
682863853 
671731616 
676888621 
667858706 
686863331 
675774312 
508913828 
498577646 
495541410 
508991837 
521226402 
686722946 
685428341 
684821820 
682677898 
504709971 
506202732 
507341296 
512541544 
512881212 
526214430 
506012147 
511451245 
502932423 
679938528 
689670345 
681509787 
691569977 
674211286 
682320492 
612462956 
676131449 
686670295 
507689221 
502383060 
678159093 
509324522 
506009819 
516476464 
