14742606505 
15362989992 
14455186322 
14403536868 
15003271780 
15366756083 
15084346151 
14564883970 
15302669081 
14300651666 
15068139450 
15238937598 
14227909622 
15174004685 
14201701311 
14863616659 
15229736575 
15173968841 
14076143515 
14607811302 
14916726412 
15356246783 
15071875039 
14960983530 
14119501459 
15639150317 
14662101783 
15139301219 
14417753336 
14571300201 
14836125234 
15039977533 
14781283552 
14432662297 
14774740557 
15533489437 
14519745366 
14845679940 
14433045746 
14120511521 
15116533050 
15578085243 
15098126837 
15143619050 
14525914637 
14648310684 
14811410247 
15808940658 
15743862435 
15260289618 
15474505172 
15284098718 
14923234764 
15310049828 
15307199278 
14505433103 
15477881983 
14719551196 
14685981762 
14709862377 
14951568401 
15021779594 
15230126125 
14684151268 
15615095041 
15193950772 
14562340576 
14442188925 
15379083405 
15407398569 
15118657347 
14721096656 
14782638745 
14611228685 
14669078207 
14916807850 
14616716439 
14651886655 
15083710866 
14543484371 
14633175735 
14645847086 
15351554054 
14433947076 
14762710322 
14745995614 
14589501790 
14913942722 
15240290170 
15026007559 
14747843600 
14560886795 
14692658992 
14876218529 
14804979830 
14237913928 
14992835344 
15489432728 
14674432706 
14906940230 
