235709694350 
238525784815 
197939395476 
176715495418 
192460659856 
179016982029 
178787389833 
219386743006 
237259049139 
179347547617 
178429820566 
178423000672 
200329243345 
229771228922 
239098111553 
197735060674 
195265670663 
175787008947 
228187781573 
212614485909 
236957905502 
237504328268 
233691586744 
177529736919 
177017485824 
177876047678 
201366223951 
174801536896 
218667045240 
207454940382 
202646600418 
228035500794 
232876848211 
176869890792 
190193843221 
198081363886 
182179895842 
200681462401 
179971499946 
233334485769 
177083744702 
182200224693 
176914821832 
223016938018 
176268840818 
181227337116 
203257301310 
177188518731 
180243832783 
229520522921 
235090668039 
228589615800 
175300151954 
175368357406 
176334009618 
224681442611 
226310983892 
183438264597 
176681999312 
179341973352 
176399446030 
222378069991 
235817332037 
182147960656 
176180301321 
181934582830 
175397379371 
175842236406 
175821993721 
177545625513 
229161715692 
188008618935 
175043289690 
175508011546 
175624098132 
180846925788 
176735870941 
199571659172 
175238278894 
233961763826 
236811894200 
232471747008 
208033090647 
221091859779 
231762554793 
212165457651 
175496773372 
179677203055 
179557132794 
177846555141 
176954345306 
239696175859 
181831701744 
233737274957 
176595261913 
175918560006 
179045912560 
176856048880 
183662606540 
176041886979 
