215089664289 
219366424543 
211149681992 
230387341275 
221379569257 
204229423653 
227525071323 
186090074478 
190629648216 
201998368957 
198620795233 
237154208690 
217144126049 
182670523214 
215130748487 
196072314494 
218413226906 
193351500583 
181085103419 
182137884981 
177804649950 
213168774766 
241364496572 
216755892262 
178530644656 
191558597199 
186869214560 
180572166471 
218983264952 
177638767897 
184773818274 
174882431462 
176666578816 
233789976980 
239394424867 
239272952177 
237464171371 
186953868136 
220020872757 
234624310515 
228627645999 
205525335621 
178930201461 
202941850384 
195078600349 
181154284706 
177860760560 
178159830296 
178573491260 
229607644945 
178123549985 
224561097729 
175815909416 
176964871976 
177965197518 
178222586164 
202069943135 
177239118532 
182674043839 
217466706842 
201258846649 
186234109121 
226359759619 
177776992879 
237383455631 
238767207791 
176936017443 
177553507359 
180025306037 
182331458158 
180270237633 
179906715870 
181099701303 
176920627327 
188332429261 
204916660365 
229480387706 
176240416555 
181227547473 
177225440133 
179632762382 
195282033257 
205899947088 
184348405885 
178822333963 
234852302738 
229319595088 
237247354701 
233158116615 
225288390667 
186895025188 
179622738355 
187422446512 
182311259819 
178435748781 
179468714645 
183146074681 
201930020768 
234628614993 
181186831560 
