111370403547 
114303744814 
87798633846 
84569444568 
84963295641 
101119522525 
111318649649 
112716423991 
114484337034 
114215158130 
113822067440 
92469933696 
84483950593 
106165495926 
111454424827 
98999312615 
83106289109 
106058524222 
83539266486 
89320624144 
89588358944 
90843124925 
97841976592 
84926618823 
84346620621 
85193018299 
83355162877 
82544532063 
85561985652 
104695288142 
110298756543 
111337424415 
98369551434 
84921037674 
108237195101 
83428501740 
83076224081 
85286966195 
83723079010 
84188071786 
84914412824 
84394401035 
108246218255 
112089788569 
114762993761 
103648344562 
85344772817 
82995338457 
84230237168 
83551246079 
112882151326 
103534380828 
85071727300 
83880885617 
90301347384 
104829493310 
89282575497 
84464270502 
82946027161 
83814773053 
84291587471 
84390583886 
85195233931 
82623433554 
109553997189 
111444263280 
113279950059 
91714979475 
83227787671 
110900185557 
113070610691 
93843352491 
84514133883 
102051354055 
86244717892 
84060645914 
83910258544 
84469311476 
112767220601 
111751084155 
115901993592 
113858014722 
111959830843 
109603377650 
99042284635 
82781710659 
84136204674 
85311088012 
83378744715 
84997682175 
104402512995 
109959470547 
111003665154 
113692496201 
113958671967 
113204627333 
112096275900 
111153669956 
114015170731 
111188717378 
