328320017 
436320132 
437348961 
455983416 
433718282 
429513592 
440581981 
434819606 
327883622 
322236103 
330468176 
325484117 
321806888 
324185127 
330386861 
327978829 
331434750 
325404443 
323136748 
322043410 
327449899 
324414741 
324863189 
327936469 
326201722 
322224931 
326752997 
323047519 
327003460 
322344344 
324283445 
331833071 
323985109 
331893096 
332953015 
333205243 
323540605 
321764356 
336354375 
324793683 
326163796 
330977874 
321674244 
324421552 
338625304 
442252514 
326644854 
325673870 
338940620 
343784024 
327384949 
325296153 
338044458 
323032965 
326208361 
325673796 
327847754 
322839415 
332276595 
326696475 
324518793 
329805549 
332674058 
329548104 
326510961 
328563939 
321789835 
322866243 
323349702 
337255901 
326161591 
324791134 
326400197 
331356816 
327332691 
320995006 
323476734 
333156023 
325067348 
323217524 
320797095 
328739702 
324748725 
327688431 
429336383 
434721924 
368593729 
317015398 
320065182 
333070567 
320089609 
326444076 
322738500 
338404853 
325839931 
435950917 
324073946 
327311204 
323947085 
325136805 
